_________TestCase: 1______________
best num node = 355
num.Node = 360.3333333333333 
avg_time = 3.7212541580200202 
The nodes:[358, 359, 359, 365, 357, 364, 363, 359, 360, 358, 361, 362, 361, 355, 359, 365, 360, 356, 366, 358, 362, 364, 357, 361, 362, 355, 359, 362, 361, 362]
_________TestCase: 2______________
best num node = 321
num.Node = 323.6666666666667 
avg_time = 15.125042843818663 
The nodes:[323, 324, 323, 321, 328, 323, 323, 326, 326, 322, 326, 325, 327, 321, 321, 323, 326, 322, 323, 322, 322, 323, 323, 322, 326, 322, 322, 325, 325, 325]
_________TestCase: 3______________
best num node = 362
num.Node = 368.59999999999997 
avg_time = 27.1597242752711 
The nodes:[368, 368, 371, 369, 366, 370, 363, 366, 370, 368, 365, 364, 368, 362, 370, 373, 370, 375, 373, 364, 371, 370, 370, 370, 371, 365, 374, 367, 367, 370] 
_________TestCase: 4______________
best num node = 352
num.Node = 363.9999999999999 
avg_time = 20.257684254646296 
The nodes:[364, 359, 360, 357, 359, 364, 363, 374, 365, 361, 370, 367, 362, 365, 366, 367, 365, 363, 362, 361, 352, 366, 370, 365, 366, 362, 370, 363, 370, 362] 
_________TestCase: 5______________
